

[16 29 12 33 22 43 38 35 14 28 17 26 28  1 40 44 34 49 22  7 10  1 16 15
 47 48 22 15 30 10 18  5 23  4  3 23 14 45  6 50 39  6 47  9 11 44  7 17
 32 30]
Tag: 0x52b9046e033aba
Created in 28 iteration
Penalty: 0
Score: 35

[16 20 12 33 22 43 38 35 14 28 17 26 28  1 40 44 34 49 22  7 10  1 16  3
 47 48 22 15 30 10 18 39 23 37 37 23 14 45  6 50 21  6 47  9 11 44  7 17
 32 30]
Tag: 0x49b9043ebd16ba
Created in 36 iteration
Penalty: 0
Score: 35

[16 46 12 33 16 15 15 41 12 28 17 26 28  1 40 44 34 49 22 34  7  1 13 33
 47 48  9 35 30 47 18  5 23  4 14 21  8 45  6 50 25  6 47 18 37 21 13  9
 32 32]
Tag: 0x60950afed762dc
Created in 36 iteration
Penalty: 0
Score: 35

[16 29 12 33 49 43 38  2 14 28 17 26 28  1 40 44 34 49 22  7 10  1 16 15
 47 48 22 15 30 10 18 39 25 37 37 23 14 45  6 50 21  6 47  9 11 44  7 17
 32 30]
Tag: 0x5595046ec116ba
Created in 46 iteration
Penalty: 0
Score: 35

[16 29 12 33 49 43 38 41 14 28 17 26 28  1 40 44 34 49 22  7 10  1 16 15
 41 48 27 15 30 10 18 39 23 37 37 23 14 45  6 50 21  6 47  9 11 44  7 17
 32 30]
Tag: 0x563104653d16ba
Created in 47 iteration
Penalty: 0
Score: 35

[16 46 12 33 16 15 15 41 12 28 17 26 28  1 40 44 34 49 22 34  7  1 13 33
 47 48  9  5 30 47 18  5 23  4 14 21  8 45  6 50 25  6 47 18  3 21 13 20
 32 32]
Tag: 0x60950af7575ec8
Created in 48 iteration
Penalty: 0
Score: 35

[16 29 12 33 49 43 38 41 14 28 17 26 28  1 40 44 34 49 22  7 10  1 16 15
 41 48 22 15 30 10 18  5 23  4  3 23 14 45 43 50 39  6 47  9 11 44  7 17
 32 30]
Tag: 0x563104620462ba
Created in 49 iteration
Penalty: 0
Score: 35

[16 29 12 33 49 43 38  2 14 28 17 26 28  1 40 44 34 49 22  7 10  1 16 15
 47 48 22 15 30 10 18  5 23  4  3 23 14 45  6 50 39  6 47  9 11  8  7 17
 32 30]
Tag: 0x5595046e03387a
Created in 35 iteration
Penalty: 0
Score: 36

[16 29 12 33 22 43 38 35 14 28 17 26 28  1 40 44 34 49 22  7 10  1 16 15
 47 48 22 15 30 10 18  5 23  4  3 23 14 45  6 50 39  6 47  9 11  8  7 17
 32 30]
Tag: 0x52b9046e03387a
Created in 38 iteration
Penalty: 0
Score: 36

[16 29 12 33 22 43 38 35 14 28 17 26 28  1 40 44 34 49 22  7 10  1 16 15
 47 48 22 15 30 10 18  5 23  4  3 23 14 45  6 50 39  6 47  9 11  8  7 17
 32 30]
Tag: 0x52b9046e03387a
Created in 41 iteration
Penalty: 0
Score: 36

[16 29 12 33 16 15 15 41 12 28 17 26 28  1 40 44 34 49 22 34  7  1 13 33
 47 48  9  5 30 10 18  2 23 50 14 21 25 45  6 50 25  6 47 18 35 21 24  9
 32  3]
Tag: 0x4f950af52b82d7
Created in 42 iteration
Penalty: 0
Score: 36

[16 29 12 33 22 43 38 35 14 28 17 26 28  1 40 44 34 49 22  7 10  1 16 15
 47 48  9  5 30 10 18  2 23 50 49 21 25 45  6 50 25  6 47 18 35 21 24  9
 32  3]
Tag: 0x52b904653d02d7
Created in 43 iteration
Penalty: 0
Score: 36

[16 29 12 24 22 43 38 35 14 28 17 26 28  1  2 44 34 49 22  7 10  4 16 15
 47 48 22 15 30 10 18  5 23  4  3 23 14 45  6 50 21  6 47  9 11  8  7 17
 32 30]
Tag: 0x5077d49e03147a
Created in 43 iteration
Penalty: 0
Score: 36

[16 29 12 33 22 43 38 35 14 28 17 26 28  1 40 44 34 49 22  7 10  1 16 15
 47 48 48 41 30 10 18  2 23 50 49 21 25 45  6 50 25  6 47 18 35 21 24  9
 32  3]
Tag: 0x52b90481bd02d7
Created in 47 iteration
Penalty: 0
Score: 36

[16 29 12 33 35  2 15  0 12 28 17 26 28 35 40  8 34 49 22 24 10  1 16 38
 47 48  9  5 30 47 18  5 23  4 14 21  8 45  6 50 25  6 47 18  3 21 13  9
 32 32]
Tag: 0x50829903575e9c
Created in 35 iteration
Penalty: 0
Score: 37

[16 29 12 33 16 15 15 41 12 28 17 26 28  1 40 44 34 49 22 34  7  1 13 33
 47 48 43  5 30 10 18  5 23  4 14 21  8 45  6 50 25  6 47 18 35 21 24  9
 32 32]
Tag: 0x4f950b060762f4
Created in 40 iteration
Penalty: 0
Score: 37

[16 29 12 33 35  2 15  0 12 28 17 26 28 35 40  8 34 49 22 24 10  1 16 38
 47 48 43  5 30 10 18  5 23  4 14 21  8 45  6 50 25  6 47 18 19 21 24  9
 32 32]
Tag: 0x508299120760f4
Created in 43 iteration
Penalty: 0
Score: 37

[16 37 37 33 22 43 38  0 31 28 29 26 28  1 40 44 34 49 22 34 10  1 16 15
 47 48 22 15 30 10 18  5 23  4  3 23 14 45  6 50 39  6 47  9 11  8  7 17
 32 30]
Tag: 0x66d50b2e03387a
Created in 49 iteration
Penalty: 2
Score: 37

[16 29 12 33 49 43 38  2 20 28 17 26 28  1 40 44 34 49 22 23 10  1 36 15
 47 48  9  5 40 47 18  5 41  4 14 21  8 24  6 50 25  6 47 18  3 21 13  9
 32 32]
Tag: 0x55a10908ba0e9c
Created in 49 iteration
Penalty: 2
Score: 38

[16 20 12 33 22 43 17 35 14 28 17 13 28  1 40 44 34 49 22  7 10  1 16  3
 47 48  9  5 30 47 18  5 23  4 14 21  8 45  6 50 25  6 47 18  3 21 13 20
 32 32]
Tag: 0x490dc437575ec8
Created in 49 iteration
Penalty: 4
Score: 34

[16 29 12 33 49 43 38 41 14 28 17 26 28  1  1 44 34 49 22  7 10  1 16 15
 41 48 27 15 30 10 18 39 23 37 37 23 14 45  6 50 21  6 47  9 11 44  7 17
 32 30]
Tag: 0x562fcc653d16ba
Created in 49 iteration
Penalty: 4
Score: 34

[16 29 12 33 22 43 38 35 14 28 24 26 28  1 40 44 34 49 22 41 48  1 16 15
 47 14 22 15 30 10 18  5 23  4  4 23 14 45  6 45 39  6 47  9 11  8  7 17
 32 30]
Tag: 0x52bc918c03a47a
Created in 49 iteration
Penalty: 4
Score: 36

[16 29 12 33 22 43 38 35 14 28 32 26 28  1 40 44 34 49 22  7 10  1 16 15
 47 48  9  5 30 47 18  5 23  4 14 21  8 45  6 50 25  6 47 18  3 21 13 20
 32 32]
Tag: 0x52c08467575ec8
Created in 49 iteration
Penalty: 4
Score: 37

[16 29 12 33 49 43 38 41 14 28 17 26 28 43 40 44 34 49 22  7 10  1 16 15
  0 48 21 15 30 24 18 39 25 37 37 23 14 45  6 50 21  6  5  9 11 44  7 17
  4  9]
Tag: 0x5633a41121016d
Created in 49 iteration
Penalty: 4
Score: 37

[16 29 12 33 22 43 38 35 14 28 17 26 28  1 40 44 34 49 22  7 10  1 16 15
 47 48 46 30 30 47 18  5 23 10 37 21  8 45  6 23 25  6 47 27  3 21 13  9
 32 32]
Tag: 0x52b904802874dc
Created in 49 iteration
Penalty: 4
Score: 38

[16 29 12 33 48 15 38 41 12 28 17 26 28  1 40 44 34 49 22 34  7  1 13 33
 47  7 22 15 30 10  2 39 23 37 37 23 14 19  6 50 21  6 47  9 11  5  7 17
 32 30]
Tag: 0x544d0ad53b744a
Created in 49 iteration
Penalty: 6
Score: 35

[16 37 12 33 22 43 38  0 31 28 29 48 28  1 40 44 34 49 22 34 10  1 16 15
 47 48  9  5 40 47 18  5 23  4 14 21  8 45  6 50 25  6 47 18  3 21 13  9
 32  8]
Tag: 0x5a5a8b28975e84
Created in 49 iteration
Penalty: 6
Score: 35

[16 29 12 33 16 15 15 41 12 28 31 26 28  1 42  7 34 49 22 34  7  1 13 33
 47 48  9  5 30 47 18 29 23  4 14 21  8  6 44 50 29  6 47 18  3  6 13  9
 32 32]
Tag: 0x4f9b86f7b625ac
Created in 49 iteration
Penalty: 8
Score: 32

[16 29 46 33 16 15 15 41 12 28 17 26 28  1 40 44 34 49 22 34  7  1 13 33
 47 14 22 15 30 10 18  5  5  4  3 23 14 45  6 11 33  6 47  9 11  8  7 17
 32 30]
Tag: 0x60950adbde907a
Created in 49 iteration
Penalty: 8
Score: 33

[16 37 12 33 22 43 38  0 31 28 29 26 28  1 40 50 34 49 22 34 10  1 16 15
 47 48 22 15 30 10 18 50 30  4  3 23 14 45  6 50 15  6 47  9  7  8  3 21
 32 30]
Tag: 0x5a55232ec507ea
Created in 49 iteration
Penalty: 8
Score: 34

[16 20 15 33 22 43 31 35 49 28 17 26 28  9 39 44  8 49 22  7 10  1 16  3
 47 48 22 15 30 10 18  5 23  4  3 23 14 45  6 50 21  6 47  9 11  8  7 17
 32 30]
Tag: 0x4b47483e03147a
Created in 49 iteration
Penalty: 8
Score: 34

[16 44 12 33 11 15 47 41 12 28 17 26 28  1 40 44 34 49 22 34  7  1 13 33
 47  9  9  5 50 39 18  5 23 26 14 21  8 45 10  3 25  6 47 18 35 21 32 16
 32 32]
Tag: 0x5ef50ad26cc750
Created in 49 iteration
Penalty: 8
Score: 34

[16 29 12 45 22 43 38 35 14 28 17 26 28  1 40 44 34 49 22  7 10  1 16 15
 28 48 22 15 30 10 18  5 23  4  3 23 14 45  6 50 41  6 47  9 11  8  7  6
  9 40]
Tag: 0x55b90448033c2a
Created in 49 iteration
Penalty: 8
Score: 34

[16 46 12 33 16 15 15 41 36 28 17 36 28  4 40 44 49 49 22 34  7  5 11 25
 36 48  9 35 30 47 18  5 23  4 14 21 24 45  6 50 25  6 47 18 37 21 13  9
 32 32]
Tag: 0x60c7d8f8d962dc
Created in 49 iteration
Penalty: 8
Score: 35

[16 29 50 33 16 15 15 41 12 28 31 26 28  1 42  7 34 49 22 34  7  1 13 33
 47 32 43 49 39 18 10  5 23  4 45 21  8 42  6 50 25  6 47 18 35 21 24  9
 32 20]
Tag: 0x629b870276b2e8
Created in 49 iteration
Penalty: 8
Score: 35

[16 46 12 33 16 15 15 41 12 28 17 26 28  1 40 44 34 49 22 34  7  1 13 33
 47 48 47 15 30 10 18  5 23  4  3 23 14 45  6 50 39  6 47  9 11  8  7 17
 32 30]
Tag: 0x60950b0a83387a
Created in 49 iteration
Penalty: 8
Score: 35

[16 46 12 33 16 15 15 41 12 28 17 26 28  1 40 44 34 49 22 34  7  1 22 33
 47 32 43  5 39 38 18  5 23 46 14 21 38 42  6 50 25  6 47 18 35 50 24  9
 19 20]
Tag: 0x60950b4114f49e
Created in 49 iteration
Penalty: 8
Score: 35

[16 29 12 33 35 13 15  0 12 28 16 46 36 35 40  8 34 49 22 24 10  1 22 32
 47 48 43  5 30 10 18  5 23  4 14 21  8 45  6 50 25  6 47 18 35 21 24 44
 32 32]
Tag: 0x5138192a076380
Created in 49 iteration
Penalty: 8
Score: 35

[22 32 12 33 29 43 38 35 14 28 34 26 28  1 40 44 30 29 49 34 12  1 16 15
 29 48 22 15 30 10 18  5 23  4  3 23 14 45  6 50 39  6 47  9 11 44  7 17
 32 30]
Tag: 0x62a17cca033aba
Created in 49 iteration
Penalty: 8
Score: 35

[16 29 12 24 22 43 38 35 47 28 17 26 28  1  2 44 34 49 30  7 10  4 16 15
 47 47 22 15 30 10 18  5 23 33  3 23 14 45  6 50 39 17 47  9 41  8  7 17
 32 39]
Tag: 0x50b9d89d204743
Created in 49 iteration
Penalty: 8
Score: 36

[16 46 12 33 16 15 15 41 12 28 17 26 44  1 40 44 29 49 22 34  7  1 13 33
 47 48 22 15 30 10 18  5 23  4  3 23 14 45  6 50 21  6  3  9 11  8  7 17
 32 30]
Tag: 0x609700fe02fe7a
Created in 49 iteration
Penalty: 8
Score: 36

[16 11 12 33 49 43 11  2 12 28 17 26 28  1 40 44 34 47 22  7 10  1 16 15
 50 48 22  5 30 10 39  5 23 17 14 36  8 45 26 29 25  6 47 18  7 21 24  9
 32 32]
Tag: 0x42b90272406b74
Created in 49 iteration
Penalty: 8
Score: 37

[16  0 12 33 49 43 38 35 40 28 17 26 28  1 40 44 34 49 22  7  6 34 16 15
 47 48 29  5 30 47 18  5 23  4 14 21  8 45  6 50 25  6 47 18  3 21 13 20
 32 32]
Tag: 0x394d0601575ec8
Created in 49 iteration
Penalty: 8
Score: 37

[16 29 12 33  0 43 38  2 14 28 17 26 28  1 40 44 34 49 22  7 10 20 16 34
 47 48  9 35 30 47 18  5 23  4 14 21  8 45  6 50 25  6 46 18 37 21  9  5
 32 37]
Tag: 0x4f7505ead76231
Created in 49 iteration
Penalty: 8
Score: 39

[16 44 12 33 16 15 47 41 12 28 17 26 28 46 40 34 34 49 10 34  7  1 50 33
 47 48 27 15 30 10 18 31 23 37 37 23 14 45  6 50 21  6 47  9 11 44  7 17
 32 30]
Tag: 0x5f97ae291d16ba
Created in 49 iteration
Penalty: 10
Score: 32

[16 20 42 33 22 43 31 35 49 28  3 38 28  9 39 44  8 49 22 34 10  1 16  3
 47 48  9 35 30 47 18  5 23  4 14 37  8 45  6 50 25  6 47 18 37 21 43  9
 32 32]
Tag: 0x58c34efedb63cc
Created in 49 iteration
Penalty: 10
Score: 34

[16 29 12 30 16 15 15 41 12 28 17 37 28  2 40 44  7 49 22 34  7  1 13 33
 47 48 48 10 30 10 18 17 23 50 49 21 25 45 45 50  9  6 24 18 35 21 24  9
 32  3]
Tag: 0x4ed7a50a3a0f57
Created in 49 iteration
Penalty: 10
Score: 34

[16 29  8 33 49 38 38 24 14 28 17 26 28  1 40 44 34  1  2  7 31  1 16 15
 47 48  9 35 31 47 18  5 23  4 14 21  8 45  6 50 25  6 47 18 37 21 13  9
 32 32]
Tag: 0x539ccd0ef762dc
Created in 49 iteration
Penalty: 10
Score: 35

[16 29 12 33 35  2 15  0 12 28 17 26 28 35 40  8 20 49 22 24 10  1 16 38
 47  9 23  5 50 10 18  5 23  4 14 21 29 45  6  3 25  6 47 37 35 21 24  9
 32  9]
Tag: 0x50827ce3894b9d
Created in 49 iteration
Penalty: 10
Score: 35

[16 29 12 33  0 43 38  2 14 28 31 26 28  1 40 44 34 49 22  7 10 20 16 34
 47 20 22 18 35 10 18 39 23 37 37 23 14 45  6 50 21  6 47  9 11 44  7 17
  5  7]
Tag: 0x4f7c05d01d166d
Created in 49 iteration
Penalty: 10
Score: 35

[16 29 12 33 49 43 38  2 14 28 37 26 33  1 40 15 34 49 22  7 27  1 16 15
 47 48  9 35 30 47 18  5 23  4 14 21 23 45  6 50 25  6 46 18 37 21 13 25
 32 37]
Tag: 0x559f328ed942a1
Created in 49 iteration
Penalty: 10
Score: 36

[16 29 10 33 37 38 38 35 14 28 17 26 28 12 40 44 34 29 49  7 31  1 16 15
 47 48  9  5 30 47 18  5 23  4 14 21  8  6  1 50 25  6 47 18  3 21 13  9
 35 32]
Tag: 0x5349b08754c6a2
Created in 49 iteration
Penalty: 10
Score: 36

[16 29 12 33  0 43 38  2 14 28 17 26 26  1 40 44 48 49 22  7 10 20 16 34
 47 48  9  5 40 47 18  5 23 33 14 21  8 45  6 50 25  6 47 18  3 21 13  9
 32 22]
Tag: 0x4f74e1e4b45e92
Created in 49 iteration
Penalty: 10
Score: 36

[16 29 12 33 13  2 15  0 12 28 17 26 28 35 44 47 34 49 22 24 10 16 16 41
 47 48  9 15 30 10 18  5 23  4  3 23 14 45  6 50 39  6 47  9 11  8  7 17
 32 30]
Tag: 0x4dc355ff83387a
Created in 49 iteration
Penalty: 10
Score: 37

[16 29 12 33 35 24  6  0 12 28 29 26 28 35 40  8 45 49 22 41 20  1  7 30
 47 48 27 15 30 10 18 39 23 37 37 23 14 45  6 31 21  6 47  9 11 44  7 17
 32 30]
Tag: 0x51a0b4253ccaba
Created in 49 iteration
Penalty: 10
Score: 37

[13 13 12 33  3 15 15 41 12 28 31 26 28  1 40 11 34 49 22 34  7  1 13 48
 47 14 22 15 30 10 18 47 23  4  3 23 14 45  6 11 39  6 47  9 11  8  7 17
 32 30]
Tag: 0x37fb8718aa9c7a
Created in 49 iteration
Penalty: 12
Score: 31

[16 29 12 33 16 15 15 41 12 28 31 26 28  1 42  7 34 49 22 34  7  1 13 33
 47 14 22 15 30 10 18  5 23  4  4 23 14 45  6 45  8  6 47  9 11  8  7 17
 32 30]
Tag: 0x4f9b86dc03667a
Created in 49 iteration
Penalty: 12
Score: 31

[16 29 12 33 22 43 26 35  4 28 17 16 24  1 32 44 34 49 22  7 10  1 47 20
 47 14 22 28 30 10 18  5 27  4  3 10 14 45  6 11 39  6 47  9 11  8  7 17
 32 30]
Tag: 0x5241c55b475c7a
Created in 49 iteration
Penalty: 12
Score: 33

[16 29 12 44 22 43 38 35 14 28 17 26 28  4 40 44  2 49 22  7 40  4 16 15
 47 48 27 11 30 10 18 39 23 37 37 23 14 33  4 23 21  6 47  9 11 44  7 17
 32 30]
Tag: 0x5578f8603bdaba
Created in 49 iteration
Penalty: 12
Score: 33

[16 11 12 33 11 43 11  2 23 28 17 26 28  1 40 44 34 47 22  7 10  1 16 15
 50 48 22 20 30 10 18 39 25 37 27 23 14 45  6 13 50  6 47  9 11 44  7 17
 32 30]
Tag: 0x3e0f0275fbbcba
Created in 49 iteration
Penalty: 12
Score: 34

[16 29 12 33 35 13 15  0 12 28 17 26 36 35 40  8 34 49 22 24 10  1 22 32
 47  9 40  5 50 10 18  5  8  4 24 21  8 45 10  3 25  6 47 18 26 27 24  9
  7 32]
Tag: 0x51339903edc602
Created in 49 iteration
Penalty: 12
Score: 34

[16 29 12 33 22 43 38 35 14 28 23 26 28  1 40 44 44 49 22  7 10  1 16 15
 47 25 22  1 30 10 18  5 48  4  3 18 14 11  6 50 39  6 26 16 29 44  9 17
 32 16]
Tag: 0x52bc1853b1d43c
Created in 49 iteration
Penalty: 12
Score: 34

[16 29 12 33 21  2 38  0 12 28 17 26 28 35 44 47 18 49 22 24 10 16 16 41
 31 48 22 15 40 10 18 50 30  4  3 47 14 45  6 50 45  6 47  9 12  8 44 17
 32 30]
Tag: 0x4f7b35e80b45c2
Created in 49 iteration
Penalty: 12
Score: 34

[16 29 12 33 22 43 38 35 14 28 17 26 28  1 40 44 34 20 22  7 10  1 16 15
 47 48  9 35 30 47 18  5 23 43 14 18  8  0  6  8 25  6 46 18 37  8 13 25
 32 37]
Tag: 0x52b8e76efa29d1
Created in 49 iteration
Penalty: 12
Score: 35

[16 29  8 33 37 38 38 35 14 28 17 26 37 12  9 44 34 29 49  7 31  1 16 15
 47 48  9  5 30 47 18  5 23  4 14 21  8 45  6 50 25  6 47 18  3 21 24  9
 32 32]
Tag: 0x5249d887575ef4
Created in 49 iteration
Penalty: 12
Score: 35

[16 29 12 18 35  2 15  0 12 44 17 26 28 35 36 27 45 49 22 24 10  1 16 38
 47 48  9 34 30 43 18  7 47 27 14 21 44 43  6 50  7 44 47 49 31 20 24  9
 32 32]
Tag: 0x4cd2db0aaacc24
Created in 49 iteration
Penalty: 12
Score: 35

[16 29 50 33 35  2 15  0 12 15 17 26 28 35 40  8 20 49 22 24 10  6 16 38
 47 48  9 35 23 47 18 47 23  4 14 21 16 45  6 32 25 44 47 18 37 21 13 11
  2 32]
Tag: 0x63757d5aa040a8
Created in 49 iteration
Penalty: 12
Score: 36

[16 44 12 33 16 15 47 41 12 28 36 26 28  1 40 44 34 49 22 34 28  1  6 33
 47 48 22 15 30 24 18 39 25 37 37 23 39 45  6 50 21  6 47  9 11 44  7 17
 32  9]
Tag: 0x5f9e8d67a436a5
Created in 49 iteration
Penalty: 14
Score: 32

[16 29 12 33 16 15 15 41 12 28 17  6 28  1 40 44 34 49 22 34  7  1 13 33
 19 25 22  1 30 10 18  5 48  4  3 18 14 11  6 50 39  6 26 16 29 44  5 17
 32 16]
Tag: 0x4f900aabb1d41c
Created in 49 iteration
Penalty: 14
Score: 32

[16 29 12 44 22 43 38 35 14 28 17 26 28  4 40 44  2  3 22  7 15  4 16 15
 47  9 23  5 50 10 18  5 23  4 14 21  8 45  6  3 25  6 47 37 35 21 24  9
 32  9]
Tag: 0x5578c71786ab9d
Created in 49 iteration
Penalty: 14
Score: 33

[16 29 12 24 22 43 38 35 14 28 17 26 28  1  2 44 34 49 22  7 10  4 16 15
 47 48 22 15 30 10 18 35 23 37 37 23 18 24  6 50 21 22 17  9 11 44  7 17
 32 30]
Tag: 0x5077d49eac47ba
Created in 49 iteration
Penalty: 14
Score: 33

[16 29 12 33 35  2 15  0 12 28 17 26 28 35 40  8 34 49 22 24 10  1 16 38
 47 48 48 10 30 10 18  2 23 50 49 21 25 45 45 50 25  6 24 18 35 21 24  9
 32  3]
Tag: 0x50829915fe2f57
Created in 49 iteration
Penalty: 14
Score: 33

[16 29 12 33 13  2 15  0 12 28 17 39 28 33 40 47 34 49 22 24 28  1 16 38
 49 14 22 15 30 10 18  5 23  4  3 23 14 45 21 11 39  6 47  9 11 45  7 17
 32 30]
Tag: 0x4dc6572c0316ca
Created in 49 iteration
Penalty: 14
Score: 34

[16  0 12 43 49 43 38 35 40 28 17 26 28  1 40 44 34 49 22  7  6 34 16 15
 47 48 22  5 30 10 39  5 23 17 14  3  8 45 47 50 25  6 10 18  7 21  3  9
 32 32]
Tag: 0x3bcd05fc39144c
Created in 49 iteration
Penalty: 14
Score: 35

[24 29 12 33 22 11 38 19 14 28 17 42 47 20 45 17 34 49 21  7 38 26 16 15
 15 48 46  5 30 47 18  5 23 10 37 21  8 45  6 23 25  6 47 27  3 21 13  9
 32 32]
Tag: 0x608054c9e874dc
Created in 49 iteration
Penalty: 14
Score: 38

[16 29  0 33  3 12 15  0 12 28 30 26 28 35 40 23 34 49 22 24 13 32 16 38
 17 48  9  5 30 47 18  5 23  4 14 21 38 33 23 50 20  6 47 18  3 34 13  9
 32 32]
Tag: 0x472957175add6c
Created in 49 iteration
Penalty: 16
Score: 32

[16 44 12 33 16 15 47 41 12 28 17 26 28  1 40 44 42 49 22 34  7  1  6 33
 47 48 18  7 30 10 18 12  3  4  3 23 10 45  6 50 39  6 47 27  9  8  7 27
 32 33]
Tag: 0x5f951ac1f6bce5
Created in 49 iteration
Penalty: 16
Score: 32

[16 29 12 44 22 43 38 35 14 46 17 26 47  4 40 17  2 20 22  7 40  4 16 15
 47  9 23 25 50 37 18  5 23  4 15 21  8 45  6  3 25  6 47 37 35 21 24  9
 32  9]
Tag: 0x558ccf3e372b9d
Created in 49 iteration
Penalty: 16
Score: 33

[16 29 12 33 49 43 38  2 14 28 17 26 42  1 15 44 34 49 22  7 10 13 16 15
  7 12 22 15 30 10  2 23 23 37 37 23 14 45 39 50 21 45 47  9 11  5  7 17
 32 30]
Tag: 0x5595fcb9fe434a
Created in 49 iteration
Penalty: 16
Score: 33

[16 11 12 33 49 47 11  2 23 28 17 26 28  1 40 44 34 47 18  7 10  1 16 15
 50 48 48 10 30 10 36  2 39 50 49 21 25 45 45 50 25  6 24 18 35 21 24  9
 32  3]
Tag: 0x430f0080ae2f57
Created in 49 iteration
Penalty: 16
Score: 33

[16  0 12 33 49 43 38 35 40 28 17 26 28  1 40 44 34 49 22  7  6 34 16 15
 47  0 22 15 30 14 18  5 23  4  3 23 14 45  6 50 21 22 47  9 11  8  7 17
 32 26]
Tag: 0x394d05ce432476
Created in 49 iteration
Penalty: 16
Score: 34

[46 38 12 46 35  2 15  0 12 28 17 26 28 35 35  8 20 49 22 24 10  1 48 38
 47 48 22 15 30 14 18  5 23  4  3 23 14 45  6 50 21  6 47  9 11  8  7 17
 32 26]
Tag: 0x98c2560a431476
Created in 49 iteration
Penalty: 16
Score: 34

[16 29 12 30 16 15 15 41 12 28 17 26 28  1 40 44  7 49 22 34  7  1 13 33
 47 48  9  5 30 43 18  7 25 27 14 21 44 43  6 50  7 34 47 49 31 23 24  9
 32 32]
Tag: 0x4ed4d4f73ec254
Created in 49 iteration
Penalty: 16
Score: 34

[16 29 42 33 16 15 15 41 12 28 31 26 28  1 40  7 34 49 22 34  7  1 13 33
 47 48 22 15  2 10 18 15 30  4  3 23 35 45  6 50 15  6 47  9 11  8  2 17
 32 30]
Tag: 0x5e9b76fabba852
Created in 49 iteration
Penalty: 16
Score: 35

[16 29 12 33 35 33 15  0 12 28 17 26 36 35 40  8 34 49 22 24 10 38 22 32
 47 33 22 15 30 10 18 24 30  4  3 23 35 45  6 50 15  6 47  9 11  8  2 17
 32 30]
Tag: 0x52739b635fa852
Created in 49 iteration
Penalty: 18
Score: 32

[16 37 37 33 22 43 38  0 31 28 29 26 28  1 40 44 34 49  6 34 10  1 16 15
 47 46  9 24 30 10 50  2 23 50 14  6 25 45  6 50 25  6 47 18 22 40 24 40
 32 33]
Tag: 0x66d50328e7c301
Created in 49 iteration
Penalty: 18
Score: 32

[16 29  8 33 37 38 38 35 14 28 17 26 28 12 40 44 34 29 47  7 41  1 16 15
 47 46 22 15 30 10  8  5 23  4 15  1 31 11  6 46 23  6 26  9 11 44  5 17
 32 30]
Tag: 0x5249b0cbb3802a
Created in 49 iteration
Penalty: 18
Score: 32

[16 46 12 33 16 15 15 41 12 28 17 26 28  1 40 44 34 49  3 34  7  1 13 33
 47 48 22 15 30 10 18 15 30  4  3 23 35 45  6 50 15  6 47  9 46  8 40 17
 32 30]
Tag: 0x6095017e3bade2
Created in 49 iteration
Penalty: 18
Score: 32

[16 25 12 33 22 43 38 35 14 28 17 26  6  1 40 44 45 49 22  5 10 16 16  3
 47 48  9  5 30 10 18  2 23 50 14 21 25 45  6 50 25  6 47 18 35 37 24  9
 32  3]
Tag: 0x4eb65aa52b83d7
Created in 49 iteration
Penalty: 18
Score: 33

[37 29 12 38 35 24  6  0  2 28 29 26 28 35 40 29 45 49 22 41 10  1  7 30
 47 48 22 12 30 10 18  5 23  4  3  7 14 45  6 32 39  6 47  9 11  8  7 17
 32 30]
Tag: 0x7ccd06e13ef07a
Created in 49 iteration
Penalty: 18
Score: 34

[16 17 12  8  1 19  8  0 12 28  5 26 48 44 40  8 34 24 33 24 10  1 16 38
 47 14 22 15 30  1 18  5 37  4  3  7 14 45 27 11 39 26 47  9 11  8  7 17
 32 30]
Tag: 0x3ad795678b587a
Created in 49 iteration
Penalty: 18
Score: 34

[47 29 12 33 49 43 38  2 14 28 17  8 28  1 40 44 14 49 22  7 10  1 16 15
 26  1  9 35 23 47 18 47 23  4 14 21  8 45  6 32 25 44 47 18 37 21 13 11
  2 32]
Tag: 0x93905c159f40a8
Created in 49 iteration
Penalty: 18
Score: 34

[16 29 23  8  1 19  8  0 12 28  5 26 14 44 40 38 34 49 22 24 10  1 16 38
 47 48  9 35 23 47 18 47 23  4 14 21  8 45  3 32 25 41 47 18 37 21  4 11
  2 32]
Tag: 0x4c53e10a9f2560
Created in 49 iteration
Penalty: 18
Score: 35

[37 29 12 23 35 24 24  0 32 28 29 26 28 35 40 29 45 49 22 41 10  1  7  4
 47 25 22 15 30 30 18  5 48  4  3 18  4 11  6  6 39  6 26  9 11 44  5 17
 32 30]
Tag: 0x79d906646fe02a
Created in 49 iteration
Penalty: 20
Score: 33

[16 29 12  8  1 19  8 38 12 28  5 26 48 44 40  8 34 24 22 24 10  1 16 38
 47 48 22 15 30 43 18  5 23  9  3 23 14 45  6 50 39  6 47  9 11 44 23 17
 32 30]
Tag: 0x476f900c183b3a
Created in 49 iteration
Penalty: 20
Score: 33

[16 46 12 33  3 10 15 41  8 13 31 17 28  1 40 11 34 49 22 34  7  1 13 48
 38 48 22 15 30 10 18  5 23 32  3 23 14 45  6 50 39  6 47  9 11  8  7 17
 32 10]
Tag: 0x5e9247281f3866
Created in 49 iteration
Penalty: 20
Score: 34

[37 29 12 38 35 24  6  0 32 28 29 26 28 35 40 29 45 49 22 41 10  1  7 30
 47 48 22 15 30 10 18 15 30  4  3 23 35 45  6 34 15  6 47  9  7  8  2 17
 32 30]
Tag: 0x7d0906e23b67d2
Created in 49 iteration
Penalty: 24
Score: 32

[16 11 22 33 32 12 15  2 12 28 29 26 28  1 40 44 34 33 22 12  7 22 13 33
 47 20 22 18 35 10 18 39 33 37 37 23 14 45  6 50 21  6 47  9 11 44  7 17
  5 30]
Tag: 0x43cef6b4311684
Created in 49 iteration
Penalty: 26
Score: 34

[16 46 22 33 32 12 15  2 12 28 29 26 28  1 40 44 34 33 22 12  7 22  3 33
 47 48 42 13 30  2 18  5 23  2  3 23 14 33  6 50 39  6 47  9 11  8  7 17
 43 30]
Tag: 0x66cef687007890
Created in 49 iteration
Penalty: 26
Score: 34

[16 46 12 33 32 12 15  2 12 28 29 26 28 43 40 44 34 33 22 12 45 22 13 33
 47 48 22 15 30 10 17 50 30  4  3 23 14 45  6 50 15  6 47  9  7  8  3 17
 32 30]
Tag: 0x61d19b8ebd07da
Created in 49 iteration
Penalty: 28
Score: 31

